70.8
68.8
64.7
63.1
63.7
67.3
73.4
74.5
65.1
76
76.5
73.5
75.6
65.62
64.8
73.68
74.18
66.5
71.1
71.2
72.78
73.72
73.62
64.7
72.7
71.82
73.2
72.72
72.78
72.3
72.3
77.7
76.28
73.2
78.3
77.7
69.4
69.7
72.3
78.2
75
85.9
71.22
79
70.8
85.6
73.2
76.98
75.4
80
83
73.68
85.8
82.8
80
82.2
82.1
73.28
72.7
72.58
73.2
73.62
73.9
77.38
76.58
76.1
82.7
63.9
76.4
80.1
82.1
81.38
83.8
60.38
76.32
82.1
74.52
58.4
74.8
76.7
75.1
76.8
80.3
82.7
88.5
81
81.9
82
70.42
68.3
66.8
74.5
80.92
79.4
84
82
81
57.2
81.4
81.5
84.5
82
66.5
59.28
66.5
74.72
79.8
83.9
84
81.98
87
82.4
82.9
79.5
66.58
77.9
81.7
81
81
74.1
73.9
72.02
61.3
73.9
81.5
81.1
73.9
88.9
60.4
74.5
73.38
73.3
75.82
74.6
72.4
67.8
76.5
69.7
68.3
86.9
70.3
69.88
68.8
79.8
58.8
84
85.5
86
85.6
86.1
66.9
69.9
58.32
86.9
85.3
85.9
86.5
86.38
68.9
87.1
86.02
69.9
85
82.4
59.9
62.9
88.5
87.4
75.98
86
69.4
70.4
70.9
72.5
72
82.3
70.4
71.9
68.4
70.4
84.5
80.6
83.3
83.4
84.88
75.5
89.5
88.5
78
86.5
76.1
94.92
87.1
70.9
95.4
81.96
82.4
80.92
80.4
79.38
83.98
79.88
79
80.88
84
71.58
85.1
88.48
88.6
83.02
83.5
78.48
64.92
82.1
53.4
53.6
51.32
95.3
92.9
52.1
85.3
84.4
76.5
95.9
79.5
64.4
84.4
73.6
81.1
82.6
83.12
75.6
82.6
83.7
83.7
84.7
83.62
84.6
70
